tween(torso,1,"Out",default.torso*CFrame.new(0.25, 0, 2.25000048, 0.965925813, 0, 0.258819103, 0, 1, 0, -0.258819103, 0, 0.965925813))
	tween(lefth,1,"Out",default.lefth*CFrame.new(0, -5.34057617e-05, -4.19616699e-05, 0.965671718, 0.259765536, 6.25476241e-06, -0.250914067, 0.932760239, 0.258843809, 0.0672328919, -0.249959722, 0.965919197))
	tween(rights,1,"Out",default.rights*CFrame.new(0, -9.53674316e-07, -7.62939453e-06, 0.999998927, 0.00146489195, -3.17958992e-09, -0.00145235914, 0.991442978, -0.130530983, -0.00019121074, 0.130530879, 0.99144423))
	tween(lefts,1,"Out",default.lefts*CFrame.new(-0.000388145447, 0.56039238, 0.110015869, -0.999973953, -0.00721614482, 0.000249286531, 0.00612438284, -0.86595875, -0.500077426, 0.00382450363, -0.500062883, 0.865980566))
	tween(righth,1,"Out",default.righth*CFrame.new(0, 3.43322754e-05, -0.000217437744, 0.96645391, -0.247951299, -0.0669848621, 0.247945264, 0.968736231, -0.00853604078, 0.0670072138, -0.00835884735, 0.997717559))
	tween(neck,1,"Out",default.neck*CFrame.new(0, 0, 0, 0.991445005, 0, 0.13052462, 0, 1, 0, -0.13052462, 0, 0.991445005))
	wait(1)
	tween(torso,1,"In",default.torso*CFrame.new(0, 0, 1.75000048, 1, 0, 0, 0, 1, 0, 0, 0, 1))
	tween(lefth,1,"In",default.lefth*CFrame.new(0, -2.38418579e-05, -4.95910645e-05, 0.966168344, -0.249058694, -0.0669960529, 0.25791204, 0.933255553, 0.250029832, 0.000252339989, -0.258850008, 0.965917468))
	tween(rights,1,"In",default.rights*CFrame.new(0, 0, -7.62939453e-06, 0.999998927, 0.00146493863, -6.08563155e-09, -0.00146493874, 0.999998689, -8.52346329e-06, -6.39090203e-09, 8.52352787e-06, 1))
	tween(lefts,1,"In",default.lefts*CFrame.new(0, -1.14440918e-05, -2.28881836e-05, -0.991662025, 0.128865778, 7.31647015e-06, -0.12776342, -0.983171463, -0.130575299, -0.0168195032, -0.129487514, 0.99143827))
	tween(righth,1,"In",default.righth*CFrame.new(0, 1.33514404e-05, -8.39233398e-05, 0.965326071, 0.261047006, -4.94274354e-06, -0.261047006, 0.965325832, -1.83701268e-05, -2.4109795e-08, 1.90234496e-05, 1))
	tween(neck,1,"In",default.neck*CFrame.new(0, 0, 0, 1, 0, 0, 0, 1, 0, 0, 0, 1))
	wait(1)
	tween(torso,1,"Out",default.torso*CFrame.new(-0.25, 0, 2.25000048, 0.965925813, 0, -0.258819103, 0, 1, 0, 0.258819103, 0, 0.965925813))
	tween(lefth,1,"Out",default.lefth*CFrame.new(0, -2.67028809e-05, -0.000122070313, 0.966158867, -0.238168165, -0.0990600958, 0.249061227, 0.961273611, 0.117987841, 0.0671229288, -0.138666973, 0.988061786))
	tween(rights,1,"Out",default.rights*CFrame.new(0, -2.0980835e-05, -0.000122070313, 0.999997735, 0.00212848606, -2.18278728e-09, -0.00205596024, 0.965924084, 0.25881651, 0.000550889701, -0.258815914, 0.965926528))
	tween(lefts,1,"Out",default.lefts*CFrame.new(0.000709533691, -0.00101089478, 0.00931930542, -0.999984384, -0.00518640969, -0.00208315626, 0.00486968597, -0.991410673, 0.130692914, -0.00274309097, 0.13068071, 0.991420746))
	tween(righth,1,"Out",default.righth*CFrame.new(-4.76837158e-07, -9.53674316e-06, -0.000274658203, 0.922896624, 0.372089207, -0.0990521684, -0.372104973, 0.927995682, 0.0190088749, 0.0989930257, 0.0193145592, 0.994900644))
	tween(neck,1,"Out",default.neck*CFrame.new(0, 0, -9.53674316e-06, 0.991445005, 0, -0.13052462, 0, 1, 0, 0.13052462, 0, 0.991445005))
	wait(1)
	tween(torso,1,"In",default.torso*CFrame.new(0, 0, 1.62500048, 1, 0, 0, 0, 1, 0, 0, 0, 1))
	tween(lefth,1,"In",default.lefth*CFrame.new(0, -2.38418579e-05, -4.95910645e-05, 0.991321862, 0.127040952, 0.0337873846, -0.131456941, 0.957523584, 0.256646067, 0.000252341852, -0.258860439, 0.965914667))
	tween(rights,1,"In",default.rights*CFrame.new(0, 0, -7.62939453e-06, 0.999998927, 0.00146493863, -6.08563155e-09, -0.00146493874, 0.999998689, -8.52346329e-06, -6.39090203e-09, 8.52352787e-06, 1))
	tween(lefts,1,"In",default.lefts*CFrame.new(0, -1.14440918e-05, -2.28881836e-05, -0.991695702, 0.128606558, 7.46455044e-06, -0.127506435, -0.983204782, -0.130575374, -0.0167855173, -0.129492, 0.991438389))
	tween(righth,1,"In",default.righth*CFrame.new(0, 1.28746033e-05, -8.39233398e-05, 0.966577828, -0.256373346, 5.36459083e-06, 0.256373376, 0.96657759, -2.0114232e-05, -2.85387962e-08, 2.08173078e-05, 1))
	tween(neck,1,"In",default.neck*CFrame.new(0, 0, 0, 1, 0, 0, 0, 1, 0, 0, 0, 1))
	wait(1)
	tween(torso,1,"Out",default.torso*CFrame.new(0.25, 0, 2.25000048, 0.965925813, 0, 0.258819103, 0, 1, 0, -0.258819103, 0, 0.965925813))
	tween(lefth,1,"Out",default.lefth*CFrame.new(0, -5.34057617e-05, -4.19616699e-05, 0.965671718, 0.259765536, 6.25476241e-06, -0.250914067, 0.932760239, 0.258843809, 0.0672328919, -0.249959722, 0.965919197))
	tween(rights,1,"Out",default.rights*CFrame.new(0, -9.53674316e-07, -7.62939453e-06, 0.999998927, 0.00146489195, -3.17958992e-09, -0.00145235914, 0.991442978, -0.130530983, -0.00019121074, 0.130530879, 0.99144423))
	tween(lefts,1,"Out",default.lefts*CFrame.new(-0.000388145447, 0.56039238, 0.110015869, -0.999973953, -0.00721614482, 0.000249286531, 0.00612438284, -0.86595875, -0.500077426, 0.00382450363, -0.500062883, 0.865980566))
	tween(righth,1,"Out",default.righth*CFrame.new(0, 3.43322754e-05, -0.000217437744, 0.96645391, -0.247951299, -0.0669848621, 0.247945264, 0.968736231, -0.00853604078, 0.0670072138, -0.00835884735, 0.997717559))
	tween(neck,1,"Out",default.neck*CFrame.new(0, 0, 0, 0.991445005, 0, 0.13052462, 0, 1, 0, -0.13052462, 0, 0.991445005))
