tween(welds["Torso"],0,Enum.PoseEasingStyle.Linear,Enum.PoseEasingDirection.In,default["Torso"]*CFrame.new(0, 0, 0, 1, 0, 0, 0, 0.991444826, -0.130526468, 0, 0.130526468, 0.991444826))
tween(welds["Left Leg"],0,Enum.PoseEasingStyle.Cubic,Enum.PoseEasingDirection.In,default["Left Leg"]*CFrame.new(0, 0, 0, 0.991599083, -0.129349336, 3.67190722e-10, 0.129349336, 0.991598845, -5.65404878e-09, 3.67244013e-10, 5.65404479e-09, 1))
tween(welds["Right Leg"],0,Enum.PoseEasingStyle.Cubic,Enum.PoseEasingDirection.In,default["Right Leg"]*CFrame.new(0, 0, 0, 0.966427743, 0.256938428, -1.46748036e-09, -0.256938428, 0.966427505, -1.1231136e-08, -1.46749812e-09, 1.12311342e-08, 1))
tween(welds["Left Arm"],0,Enum.PoseEasingStyle.Cubic,Enum.PoseEasingDirection.In,default["Left Arm"]*CFrame.new(0, 4.76837158e-07, 1.90734863e-06, 0.991444528, 0.129411757, 0.0170393921, -0.130528718, 0.982960224, 0.129425496, 1.39698386e-07, -0.130542338, 0.99144274))
tween(welds["Right Arm"],0,Enum.PoseEasingStyle.Cubic,Enum.PoseEasingDirection.In,default["Right Arm"]*CFrame.new(0, 4.76837158e-07, 1.90734863e-06, 0.991444528, -0.129411578, -0.0170392543, 0.13052851, 0.982960343, 0.129424796, -1.58324838e-07, -0.130541608, 0.9914428))
tween(welds["Head"],0,Enum.PoseEasingStyle.Linear,Enum.PoseEasingDirection.In,default["Head"]*CFrame.new(0, 0, 4.76837158e-07, 1, 0, 0, 0, 0.991444826, 0.130526468, 0, -0.130526468, 0.991444826))
wait(2)
tween(welds["Left Leg"],2,Enum.PoseEasingStyle.Cubic,Enum.PoseEasingDirection.InOut,default["Left Leg"]*CFrame.new(0, 0, 0, 0.966227531, -0.25769037, 1.47622004e-09, 0.25769037, 0.966227293, -1.12640235e-08, 1.47626977e-09, 1.12640155e-08, 1))
tween(welds["Right Leg"],2,Enum.PoseEasingStyle.Cubic,Enum.PoseEasingDirection.InOut,default["Right Leg"]*CFrame.new(0, 0, 0, 0.866991878, 0.498322159, -5.81396264e-09, -0.498322159, 0.866991639, -2.17823573e-08, -5.81398041e-09, 2.17823555e-08, 1))
tween(welds["Left Arm"],2,Enum.PoseEasingStyle.Cubic,Enum.PoseEasingDirection.InOut,default["Left Arm"]*CFrame.new(0, 4.76837158e-07, -5.7220459e-06, 0.965499043, -0.246859893, -0.0828962922, 0.259848446, 0.934141219, 0.244660005, 0.0170400999, -0.257759452, 0.96605885))
tween(welds["Right Arm"],2,Enum.PoseEasingStyle.Cubic,Enum.PoseEasingDirection.InOut,default["Right Arm"]*CFrame.new(0, -4.76837158e-07, -1.90734863e-06, 0.965923429, 0.256612629, 0.0337915272, -0.256613582, 0.932421327, 0.254439443, 0.033784464, -0.254440397, 0.966498137))
wait(2)
tween(welds["Left Leg"],2,Enum.PoseEasingStyle.Cubic,Enum.PoseEasingDirection.In,default["Left Leg"]*CFrame.new(0, 0, 0, 0.991599083, -0.129349336, 3.67190722e-10, 0.129349336, 0.991598845, -5.65404878e-09, 3.67244013e-10, 5.65404479e-09, 1))
tween(welds["Right Leg"],2,Enum.PoseEasingStyle.Cubic,Enum.PoseEasingDirection.In,default["Right Leg"]*CFrame.new(0, 0, 0, 0.966427743, 0.256938428, -1.46748036e-09, -0.256938428, 0.966427505, -1.1231136e-08, -1.46749812e-09, 1.12311342e-08, 1))
tween(welds["Left Arm"],2,Enum.PoseEasingStyle.Cubic,Enum.PoseEasingDirection.In,default["Left Arm"]*CFrame.new(0, 4.76837158e-07, 1.90734863e-06, 0.991444528, 0.129411757, 0.0170393921, -0.130528718, 0.982960224, 0.129425496, 1.39698386e-07, -0.130542338, 0.99144274))
tween(welds["Right Arm"],2,Enum.PoseEasingStyle.Cubic,Enum.PoseEasingDirection.In,default["Right Arm"]*CFrame.new(0, 4.76837158e-07, 1.90734863e-06, 0.991444528, -0.129411578, -0.0170392543, 0.13052851, 0.982960343, 0.129424796, -1.58324838e-07, -0.130541608, 0.9914428))
wait(2)
