
task.wait(0.20000000298023)
tween(welds["Torso"],0.20000000298023,Enum.PoseEasingStyle.Linear,Enum.PoseEasingDirection.Out,default["Torso"]*CFrame.new(0, 1.63912773e-07, 0.399999917, 1, 0, 0, 0, 0.98480773, 0.173648298, 0, -0.173648298, 0.98480773))
tween(welds["Left Leg"],0.20000000298023,Enum.PoseEasingStyle.Linear,Enum.PoseEasingDirection.Out,default["Left Leg"]*CFrame.new(-1.1920929e-07, 2.98023224e-07, 0, 0.939692616, -0.342020094, 2.63612421e-09, 0.342020094, 0.939692616, -1.49501744e-08, 2.63611355e-09, 1.49501762e-08, 1))
tween(welds["Right Leg"],0.20000000298023,Enum.PoseEasingStyle.Linear,Enum.PoseEasingDirection.Out,default["Right Leg"]*CFrame.new(1.01051426, 0.126447201, 2.98023224e-08, 0.766044378, 0.642787635, -1.02265219e-08, -0.642787635, 0.766044378, -2.80971495e-08, -1.02265325e-08, 2.80971459e-08, 1))
tween(welds["Left Arm"],0.20000000298023,Enum.PoseEasingStyle.Linear,Enum.PoseEasingDirection.Out,default["Left Arm"]*CFrame.new(1.93715096e-07, 2.08616257e-07, 0, 0.939692497, 0.342020512, 2.63612776e-09, -0.342020512, 0.939692497, 1.49501869e-08, 2.63612066e-09, -1.49501869e-08, 1))
tween(welds["Right Arm"],0.20000000298023,Enum.PoseEasingStyle.Linear,Enum.PoseEasingDirection.Out,default["Right Arm"]*CFrame.new(2.08616257e-07, -8.34465027e-07, -1.1920929e-07, -0.642787218, 0.766044796, -7.18085289e-08, -0.766044796, -0.642787218, -3.3484902e-08, -7.1808536e-08, 3.34848842e-08, 1))
tween(welds["Head"],0.20000000298023,Enum.PoseEasingStyle.Linear,Enum.PoseEasingDirection.Out,default["Head"]*CFrame.new(-7.55755849e-08, 3.69319366e-07, 4.76837158e-07, 0.499999821, 0.866025507, -7.45058149e-09, -0.866025507, 0.499999821, -2.38542725e-07, -2.028588e-07, 1.25723716e-07, 1))
task.wait(0.049999997019768)
tween(welds["Torso"],0.049999997019768,Enum.PoseEasingStyle.Linear,Enum.PoseEasingDirection.Out,default["Torso"]*CFrame.new(0, 0, 0, 1, 0, 0, 0, 0.98480773, 0.173648298, 0, -0.173648298, 0.98480773))
tween(welds["Left Leg"],0.049999997019768,Enum.PoseEasingStyle.Linear,Enum.PoseEasingDirection.Out,default["Left Leg"]*CFrame.new(-8.94069672e-08, 2.98023224e-07, 0, 0.939692616, -0.342020154, 2.63612421e-09, 0.342020154, 0.939692616, -1.49501744e-08, 2.63611355e-09, 1.4950178e-08, 1))
tween(welds["Right Leg"],0.049999997019768,Enum.PoseEasingStyle.Linear,Enum.PoseEasingDirection.Out,default["Right Leg"]*CFrame.new(-0.00902438164, 0.103133678, 0, 0.50000006, -0.866025388, -2.18557137e-08, 0.866025388, 0.50000006, 3.78551945e-08, -2.18556995e-08, -3.78552016e-08, 1))
tween(welds["Left Arm"],0.049999997019768,Enum.PoseEasingStyle.Linear,Enum.PoseEasingDirection.Out,default["Left Arm"]*CFrame.new(3.42726707e-07, 5.96046448e-07, 0, 0.866025329, 0.500000119, 5.85621507e-09, -0.500000119, 0.866025329, 2.18556924e-08, 5.85621507e-09, -2.18556906e-08, 1))
tween(welds["Right Arm"],0.049999997019768,Enum.PoseEasingStyle.Linear,Enum.PoseEasingDirection.Out,default["Right Arm"]*CFrame.new(-2.38418579e-07, -1.0356307e-06, 0, -0.173648521, -0.98480767, -5.13018179e-08, 0.98480767, -0.173648521, 4.30473222e-08, -5.13018179e-08, -4.30473222e-08, 1))
tween(welds["Head"],0.049999997019768,Enum.PoseEasingStyle.Linear,Enum.PoseEasingDirection.Out,default["Head"]*CFrame.new(7.4505806e-09, -8.94069672e-08, -2.68220901e-07, 0.499999791, 0.866025507, -7.45058149e-09, -0.852868676, 0.492403686, -0.173648015, -0.150383607, 0.0868239775, 0.984807789))
task.wait(0.30000001192093)
tween(welds["Torso"],0.30000001192093,Enum.PoseEasingStyle.Linear,Enum.PoseEasingDirection.Out,default["Torso"]*CFrame.new(0, 0, 0, 1, 0, 0, 0, 0.98480773, 0.173648298, 0, -0.173648298, 0.98480773))
tween(welds["Left Leg"],0.30000001192093,Enum.PoseEasingStyle.Linear,Enum.PoseEasingDirection.Out,default["Left Leg"]*CFrame.new(-8.94069672e-08, 2.98023224e-07, 0, 0.939692616, -0.342020154, 2.63612421e-09, 0.342020154, 0.939692616, -1.49501744e-08, 2.63611355e-09, 1.4950178e-08, 1))
tween(welds["Right Leg"],0.30000001192093,Enum.PoseEasingStyle.Linear,Enum.PoseEasingDirection.Out,default["Right Leg"]*CFrame.new(-0.00902473927, 0.103133857, 1.1920929e-07, 0.342020452, -0.939692497, -2.87612281e-08, 0.939692497, 0.342020452, 4.10752818e-08, -2.87612067e-08, -4.10752961e-08, 1))
tween(welds["Left Arm"],0.30000001192093,Enum.PoseEasingStyle.Linear,Enum.PoseEasingDirection.Out,default["Left Arm"]*CFrame.new(3.42726707e-07, 5.96046448e-07, 0, 0.866025329, 0.500000119, 5.85621507e-09, -0.500000119, 0.866025329, 2.18556924e-08, 5.85621507e-09, -2.18556906e-08, 1))
tween(welds["Right Arm"],0.30000001192093,Enum.PoseEasingStyle.Linear,Enum.PoseEasingDirection.Out,default["Right Arm"]*CFrame.new(-1.49011612e-07, -1.07288361e-06, 0, -0.342020273, -0.939692557, -5.86615876e-08, 0.939692557, -0.342020273, 4.10752783e-08, -5.8661584e-08, -4.10752783e-08, 1))
tween(welds["Head"],0.30000001192093,Enum.PoseEasingStyle.Linear,Enum.PoseEasingDirection.Out,default["Head"]*CFrame.new(3.7252903e-09, -7.4505806e-09, 2.98023224e-08, 0.499999851, 0.866025448, -1.49011612e-08, -0.852868557, 0.492403746, -0.173648164, -0.150383741, 0.0868240744, 0.98480773))
task.wait(0.30000001192093)
tween(welds["Torso"],0.30000001192093,Enum.PoseEasingStyle.Linear,Enum.PoseEasingDirection.Out,default["Torso"]*CFrame.new(0, 1.63912773e-07, 0.399999917, 1, 0, 0, 0, 0.98480773, 0.173648298, 0, -0.173648298, 0.98480773))
tween(welds["Left Leg"],0.30000001192093,Enum.PoseEasingStyle.Linear,Enum.PoseEasingDirection.Out,default["Left Leg"]*CFrame.new(-5.96046448e-08, 2.98023224e-07, 0, 0.939692616, -0.342020154, 2.63612421e-09, 0.342020154, 0.939692616, -1.49501744e-08, 2.63611355e-09, 1.4950178e-08, 1))
tween(welds["Right Leg"],0.30000001192093,Enum.PoseEasingStyle.Linear,Enum.PoseEasingDirection.Out,default["Right Leg"]*CFrame.new(1.01051426, 0.126447201, 2.98023224e-08, 0.766044378, 0.642787635, -1.02265219e-08, -0.642787635, 0.766044378, -2.80971495e-08, -1.02265325e-08, 2.80971459e-08, 1))
tween(welds["Left Arm"],0.30000001192093,Enum.PoseEasingStyle.Linear,Enum.PoseEasingDirection.Out,default["Left Arm"]*CFrame.new(1.93715096e-07, 2.08616257e-07, 0, 0.939692497, 0.342020512, 2.63612776e-09, -0.342020512, 0.939692497, 1.49501869e-08, 2.63612066e-09, -1.49501869e-08, 1))
tween(welds["Right Arm"],0.30000001192093,Enum.PoseEasingStyle.Linear,Enum.PoseEasingDirection.Out,default["Right Arm"]*CFrame.new(4.76837158e-07, -5.06639481e-07, 0, -0.766044319, 0.642787814, -7.71962618e-08, -0.642787814, -0.766044319, -2.80971548e-08, -7.71962618e-08, 2.80971477e-08, 1))
tween(welds["Head"],0.30000001192093,Enum.PoseEasingStyle.Linear,Enum.PoseEasingDirection.Out,default["Head"]*CFrame.new(-6.75901148e-08, 2.36278879e-07, 0, 0.499999881, 0.866025507, -1.49011612e-08, -0.866025507, 0.499999881, -2.16191012e-07, -1.79776336e-07, 1.21000255e-07, 1))
task.wait(0.30000001192093)
tween(welds["Torso"],0.30000001192093,Enum.PoseEasingStyle.Linear,Enum.PoseEasingDirection.Out,default["Torso"]*CFrame.new(0, 0, 0, 1, 0, 0, 0, 0.98480773, 0.173648298, 0, -0.173648298, 0.98480773))
tween(welds["Left Leg"],0.30000001192093,Enum.PoseEasingStyle.Linear,Enum.PoseEasingDirection.Out,default["Left Leg"]*CFrame.new(-2.98023224e-08, 2.98023224e-07, 0, 0.939692616, -0.342020154, 2.63612421e-09, 0.342020154, 0.939692616, -1.49501744e-08, 2.63611355e-09, 1.4950178e-08, 1))
tween(welds["Right Leg"],0.30000001192093,Enum.PoseEasingStyle.Linear,Enum.PoseEasingDirection.Out,default["Right Leg"]*CFrame.new(-0.00902438164, 0.103133678, 0, 0.50000006, -0.866025388, -2.18557137e-08, 0.866025388, 0.50000006, 3.78551945e-08, -2.18556995e-08, -3.78552016e-08, 1))
tween(welds["Left Arm"],0.30000001192093,Enum.PoseEasingStyle.Linear,Enum.PoseEasingDirection.Out,default["Left Arm"]*CFrame.new(3.42726707e-07, 5.96046448e-07, 0, 0.866025329, 0.500000119, 5.85621507e-09, -0.500000119, 0.866025329, 2.18556924e-08, 5.85621507e-09, -2.18556906e-08, 1))
tween(welds["Right Arm"],0.30000001192093,Enum.PoseEasingStyle.Linear,Enum.PoseEasingDirection.Out,default["Right Arm"]*CFrame.new(-2.38418579e-07, -1.0356307e-06, 0, -0.173648521, -0.98480767, -5.13018179e-08, 0.98480767, -0.173648521, 4.30473222e-08, -5.13018179e-08, -4.30473222e-08, 1))
tween(welds["Head"],0.30000001192093,Enum.PoseEasingStyle.Linear,Enum.PoseEasingDirection.Out,default["Head"]*CFrame.new(3.7252903e-09, -7.4505806e-09, 2.98023224e-08, 0.499999851, 0.866025448, -1.49011612e-08, -0.852868557, 0.492403746, -0.173648164, -0.150383741, 0.0868240744, 0.98480773))
task.wait(0.30000001192093)
tween(welds["Torso"],0.30000001192093,Enum.PoseEasingStyle.Linear,Enum.PoseEasingDirection.Out,default["Torso"]*CFrame.new(0, 0, 0, 1, 0, 0, 0, 0.98480773, 0.173648298, 0, -0.173648298, 0.98480773))
tween(welds["Left Leg"],0.30000001192093,Enum.PoseEasingStyle.Linear,Enum.PoseEasingDirection.Out,default["Left Leg"]*CFrame.new(-2.98023224e-08, 2.98023224e-07, 0, 0.939692616, -0.342020154, 2.63612421e-09, 0.342020154, 0.939692616, -1.49501744e-08, 2.63611355e-09, 1.4950178e-08, 1))
tween(welds["Right Leg"],0.30000001192093,Enum.PoseEasingStyle.Linear,Enum.PoseEasingDirection.Out,default["Right Leg"]*CFrame.new(-0.00902473927, 0.103133857, 1.1920929e-07, 0.342020452, -0.939692497, -2.87612281e-08, 0.939692497, 0.342020452, 4.10752818e-08, -2.87612067e-08, -4.10752961e-08, 1))
tween(welds["Left Arm"],0.30000001192093,Enum.PoseEasingStyle.Linear,Enum.PoseEasingDirection.Out,default["Left Arm"]*CFrame.new(3.42726707e-07, 5.96046448e-07, 0, 0.866025329, 0.500000119, 5.85621507e-09, -0.500000119, 0.866025329, 2.18556924e-08, 5.85621507e-09, -2.18556906e-08, 1))
tween(welds["Right Arm"],0.30000001192093,Enum.PoseEasingStyle.Linear,Enum.PoseEasingDirection.Out,default["Right Arm"]*CFrame.new(-2.38418579e-07, -1.04308128e-06, 0, -0.342020214, -0.939692616, -5.86615805e-08, 0.939692616, -0.342020214, 4.10752783e-08, -5.86615805e-08, -4.10752783e-08, 1))
tween(welds["Head"],0.30000001192093,Enum.PoseEasingStyle.Linear,Enum.PoseEasingDirection.Out,default["Head"]*CFrame.new(3.7252903e-09, -7.4505806e-09, 2.98023224e-08, 0.499999851, 0.866025448, -1.49011612e-08, -0.852868557, 0.492403746, -0.173648164, -0.150383741, 0.0868240744, 0.98480773))
task.wait(0.30000001192093)
tween(welds["Torso"],0.30000001192093,Enum.PoseEasingStyle.Linear,Enum.PoseEasingDirection.Out,default["Torso"]*CFrame.new(0, 1.63912773e-07, 0.399999917, 1, 0, 0, 0, 0.98480773, 0.173648298, 0, -0.173648298, 0.98480773))
tween(welds["Left Leg"],0.30000001192093,Enum.PoseEasingStyle.Linear,Enum.PoseEasingDirection.Out,default["Left Leg"]*CFrame.new(-2.98023224e-08, 2.98023224e-07, 0, 0.939692616, -0.342020154, 2.63612421e-09, 0.342020154, 0.939692616, -1.49501744e-08, 2.63611355e-09, 1.4950178e-08, 1))
tween(welds["Right Leg"],0.30000001192093,Enum.PoseEasingStyle.Linear,Enum.PoseEasingDirection.Out,default["Right Leg"]*CFrame.new(1.01051426, 0.126447201, 2.98023224e-08, 0.766044378, 0.642787635, -1.02265219e-08, -0.642787635, 0.766044378, -2.80971495e-08, -1.02265325e-08, 2.80971459e-08, 1))
tween(welds["Left Arm"],0.30000001192093,Enum.PoseEasingStyle.Linear,Enum.PoseEasingDirection.Out,default["Left Arm"]*CFrame.new(1.93715096e-07, 2.08616257e-07, 0, 0.939692497, 0.342020512, 2.63612776e-09, -0.342020512, 0.939692497, 1.49501869e-08, 2.63612066e-09, -1.49501869e-08, 1))
tween(welds["Right Arm"],0.30000001192093,Enum.PoseEasingStyle.Linear,Enum.PoseEasingDirection.Out,default["Right Arm"]*CFrame.new(4.76837158e-07, -5.06639481e-07, 0, -0.766044319, 0.642787814, -7.71962618e-08, -0.642787814, -0.766044319, -2.80971548e-08, -7.71962618e-08, 2.80971477e-08, 1))
tween(welds["Head"],0.30000001192093,Enum.PoseEasingStyle.Linear,Enum.PoseEasingDirection.Out,default["Head"]*CFrame.new(-6.75901148e-08, 2.36278879e-07, 0, 0.499999881, 0.866025507, -1.49011612e-08, -0.866025507, 0.499999881, -2.16191012e-07, -1.79776336e-07, 1.21000255e-07, 1))
task.wait(0.30000001192093)
tween(welds["Torso"],0.30000001192093,Enum.PoseEasingStyle.Linear,Enum.PoseEasingDirection.Out,default["Torso"]*CFrame.new(0, 0, 0, 1, 0, 0, 0, 0.98480773, 0.173648298, 0, -0.173648298, 0.98480773))
tween(welds["Left Leg"],0.30000001192093,Enum.PoseEasingStyle.Linear,Enum.PoseEasingDirection.Out,default["Left Leg"]*CFrame.new(-8.94069672e-08, 2.98023224e-07, 0, 0.939692616, -0.342020154, 2.63612421e-09, 0.342020154, 0.939692616, -1.49501744e-08, 2.63611355e-09, 1.4950178e-08, 1))
tween(welds["Right Leg"],0.30000001192093,Enum.PoseEasingStyle.Linear,Enum.PoseEasingDirection.Out,default["Right Leg"]*CFrame.new(-0.00902438164, 0.103133678, 0, 0.50000006, -0.866025388, -2.18557137e-08, 0.866025388, 0.50000006, 3.78551945e-08, -2.18556995e-08, -3.78552016e-08, 1))
tween(welds["Left Arm"],0.30000001192093,Enum.PoseEasingStyle.Linear,Enum.PoseEasingDirection.Out,default["Left Arm"]*CFrame.new(3.42726707e-07, 5.96046448e-07, 0, 0.866025329, 0.500000119, 5.85621507e-09, -0.500000119, 0.866025329, 2.18556924e-08, 5.85621507e-09, -2.18556906e-08, 1))
tween(welds["Right Arm"],0.30000001192093,Enum.PoseEasingStyle.Linear,Enum.PoseEasingDirection.Out,default["Right Arm"]*CFrame.new(-2.38418579e-07, -1.0356307e-06, 0, -0.173648521, -0.98480767, -5.13018179e-08, 0.98480767, -0.173648521, 4.30473222e-08, -5.13018179e-08, -4.30473222e-08, 1))
tween(welds["Head"],0.30000001192093,Enum.PoseEasingStyle.Linear,Enum.PoseEasingDirection.Out,default["Head"]*CFrame.new(7.4505806e-09, -8.94069672e-08, -2.68220901e-07, 0.499999791, 0.866025507, -7.45058149e-09, -0.852868676, 0.492403686, -0.173648015, -0.150383607, 0.0868239775, 0.984807789))
task.wait(0.30000001192093)
tween(welds["Torso"],0.30000001192093,Enum.PoseEasingStyle.Linear,Enum.PoseEasingDirection.Out,default["Torso"]*CFrame.new(0, 0, 0, 1, 0, 0, 0, 0.98480773, 0.173648298, 0, -0.173648298, 0.98480773))
tween(welds["Left Leg"],0.30000001192093,Enum.PoseEasingStyle.Linear,Enum.PoseEasingDirection.Out,default["Left Leg"]*CFrame.new(-8.94069672e-08, 2.98023224e-07, 0, 0.939692616, -0.342020154, 2.63612421e-09, 0.342020154, 0.939692616, -1.49501744e-08, 2.63611355e-09, 1.4950178e-08, 1))
tween(welds["Right Leg"],0.30000001192093,Enum.PoseEasingStyle.Linear,Enum.PoseEasingDirection.Out,default["Right Leg"]*CFrame.new(-0.00902473927, 0.103133857, 1.1920929e-07, 0.342020452, -0.939692497, -2.87612281e-08, 0.939692497, 0.342020452, 4.10752818e-08, -2.87612067e-08, -4.10752961e-08, 1))
tween(welds["Left Arm"],0.30000001192093,Enum.PoseEasingStyle.Linear,Enum.PoseEasingDirection.Out,default["Left Arm"]*CFrame.new(3.42726707e-07, 5.96046448e-07, 0, 0.866025329, 0.500000119, 5.85621507e-09, -0.500000119, 0.866025329, 2.18556924e-08, 5.85621507e-09, -2.18556906e-08, 1))
tween(welds["Right Arm"],0.30000001192093,Enum.PoseEasingStyle.Linear,Enum.PoseEasingDirection.Out,default["Right Arm"]*CFrame.new(-1.49011612e-07, -1.07288361e-06, 0, -0.342020273, -0.939692557, -5.86615876e-08, 0.939692557, -0.342020273, 4.10752783e-08, -5.8661584e-08, -4.10752783e-08, 1))
tween(welds["Head"],0.30000001192093,Enum.PoseEasingStyle.Linear,Enum.PoseEasingDirection.Out,default["Head"]*CFrame.new(3.7252903e-09, -7.4505806e-09, 2.98023224e-08, 0.499999851, 0.866025448, -1.49011612e-08, -0.852868557, 0.492403746, -0.173648164, -0.150383741, 0.0868240744, 0.98480773))
task.wait(0.30000001192093)
tween(welds["Torso"],0.30000001192093,Enum.PoseEasingStyle.Linear,Enum.PoseEasingDirection.Out,default["Torso"]*CFrame.new(0, 0, 0, 1, 0, 0, 0, 1, 0, 0, 0, 1))
tween(welds["Right Arm"],0.30000001192093,Enum.PoseEasingStyle.Linear,Enum.PoseEasingDirection.Out,default["Right Arm"]*CFrame.new(-2.98023224e-08, -2.73808837e-07, -8.94069672e-08, 0.0581440218, -0.998308182, -4.11698515e-08, 0.998308182, 0.0581440218, 4.36374776e-08, -4.11698764e-08, -4.36374563e-08, 1))
task.wait(0.30000001192093)
tween(welds["Torso"],0.30000001192093,Enum.PoseEasingStyle.Linear,Enum.PoseEasingDirection.Out,default["Torso"]*CFrame.new(0, 1.63912773e-07, 0.399999917, 1, 0, 0, 0, 0.98480773, 0.173648298, 0, -0.173648298, 0.98480773))
tween(welds["Left Leg"],0.30000001192093,Enum.PoseEasingStyle.Linear,Enum.PoseEasingDirection.Out,default["Left Leg"]*CFrame.new(-5.96046448e-08, 2.98023224e-07, 0, 0.939692616, -0.342020154, 2.63612421e-09, 0.342020154, 0.939692616, -1.49501744e-08, 2.63611355e-09, 1.4950178e-08, 1))
tween(welds["Right Leg"],0.30000001192093,Enum.PoseEasingStyle.Linear,Enum.PoseEasingDirection.Out,default["Right Leg"]*CFrame.new(1.01051426, 0.126447201, 2.98023224e-08, 0.766044378, 0.642787635, -1.02265219e-08, -0.642787635, 0.766044378, -2.80971495e-08, -1.02265325e-08, 2.80971459e-08, 1))
tween(welds["Left Arm"],0.30000001192093,Enum.PoseEasingStyle.Linear,Enum.PoseEasingDirection.Out,default["Left Arm"]*CFrame.new(-4.47034836e-07, 1.41561031e-06, -5.96046448e-08, -2.98023224e-08, -1, 4.37113954e-08, 1, -2.98023224e-08, -4.37113847e-08, 4.37113883e-08, 4.37113954e-08, 1))
tween(welds["Right Arm"],0.30000001192093,Enum.PoseEasingStyle.Linear,Enum.PoseEasingDirection.Out,default["Right Arm"]*CFrame.new(1.1920929e-07, -9.68575478e-07, 0, -1.49011626e-07, 1, -4.37114132e-08, -1, -1.49011626e-07, -4.37113812e-08, -4.37113883e-08, 4.37114061e-08, 1))
tween(welds["Head"],0.30000001192093,Enum.PoseEasingStyle.Linear,Enum.PoseEasingDirection.Out,default["Head"]*CFrame.new(-6.75901148e-08, 2.36278879e-07, 0, 0.499999881, 0.866025507, -1.49011612e-08, -0.866025507, 0.499999881, -2.16191012e-07, -1.79776336e-07, 1.21000255e-07, 1))
task.wait(0.30000001192093)
tween(welds["Torso"],0.30000001192093,Enum.PoseEasingStyle.Linear,Enum.PoseEasingDirection.Out,default["Torso"]*CFrame.new(0, 2.3479646e-07, -4.14009804e-08, 1, 0, 0, 0, 0.98480773, 0.173648298, 0, -0.173648298, 0.98480773))
tween(welds["Left Leg"],0.30000001192093,Enum.PoseEasingStyle.Linear,Enum.PoseEasingDirection.Out,default["Left Leg"]*CFrame.new(-2.98023224e-08, 2.98023224e-07, 0, 0.939692616, -0.342020154, 2.63612421e-09, 0.342020154, 0.939692616, -1.49501744e-08, 2.63611355e-09, 1.4950178e-08, 1))
tween(welds["Right Leg"],0.30000001192093,Enum.PoseEasingStyle.Linear,Enum.PoseEasingDirection.Out,default["Right Leg"]*CFrame.new(-0.00902438164, 0.103133678, 0, 0.50000006, -0.866025388, -2.18557137e-08, 0.866025388, 0.50000006, 3.78551945e-08, -2.18556995e-08, -3.78552016e-08, 1))
tween(welds["Left Arm"],0.30000001192093,Enum.PoseEasingStyle.Linear,Enum.PoseEasingDirection.Out,default["Left Arm"]*CFrame.new(1.49011612e-07, 1.78813934e-07, 0, 0.866025209, 0.500000417, 5.85622573e-09, -0.500000417, 0.866025209, 2.18557084e-08, 5.85622217e-09, -2.18557084e-08, 1))
tween(welds["Right Arm"],0.30000001192093,Enum.PoseEasingStyle.Linear,Enum.PoseEasingDirection.Out,default["Right Arm"]*CFrame.new(1.49011612e-07, -1.04308128e-06, 0, 0.866025329, -0.500000119, -5.85623283e-09, 0.500000119, 0.866025329, 2.18556959e-08, -5.85620796e-09, -2.18557066e-08, 1))
tween(welds["Head"],0.30000001192093,Enum.PoseEasingStyle.Linear,Enum.PoseEasingDirection.Out,default["Head"]*CFrame.new(1.56462193e-07, 3.35276127e-07, -1.37090683e-06, 0.499999672, 0.866025567, -1.49011612e-08, -0.852868736, 0.492403567, -0.173648223, -0.1503838, 0.0868240669, 0.98480773))
task.wait(0.30000001192093)
tween(welds["Torso"],0.30000001192093,Enum.PoseEasingStyle.Linear,Enum.PoseEasingDirection.Out,default["Torso"]*CFrame.new(0, 2.3479646e-07, -4.14009804e-08, 1, 0, 0, 0, 0.98480773, 0.173648298, 0, -0.173648298, 0.98480773))
tween(welds["Left Leg"],0.30000001192093,Enum.PoseEasingStyle.Linear,Enum.PoseEasingDirection.Out,default["Left Leg"]*CFrame.new(-2.98023224e-08, 2.98023224e-07, 0, 0.939692616, -0.342020154, 2.63612421e-09, 0.342020154, 0.939692616, -1.49501744e-08, 2.63611355e-09, 1.4950178e-08, 1))
tween(welds["Right Leg"],0.30000001192093,Enum.PoseEasingStyle.Linear,Enum.PoseEasingDirection.Out,default["Right Leg"]*CFrame.new(-0.00902462006, 0.103133976, 1.1920929e-07, 0.342020452, -0.939692497, -2.87612281e-08, 0.939692497, 0.342020452, 4.10752818e-08, -2.87612067e-08, -4.10752961e-08, 1))
tween(welds["Left Arm"],0.30000001192093,Enum.PoseEasingStyle.Linear,Enum.PoseEasingDirection.Out,default["Left Arm"]*CFrame.new(1.1920929e-07, 5.36441803e-07, 0, 0.766044378, 0.642787695, 1.02265254e-08, -0.642787695, 0.766044378, 2.80971353e-08, 1.02265219e-08, -2.80971371e-08, 1))
tween(welds["Right Arm"],0.30000001192093,Enum.PoseEasingStyle.Linear,Enum.PoseEasingDirection.Out,default["Right Arm"]*CFrame.new(1.1920929e-07, -1.4603138e-06, 0, 0.766044497, -0.642787516, -1.02265325e-08, 0.642787516, 0.766044497, 2.80971317e-08, -1.02265041e-08, -2.80971424e-08, 1))
tween(welds["Head"],0.30000001192093,Enum.PoseEasingStyle.Linear,Enum.PoseEasingDirection.Out,default["Head"]*CFrame.new(1.56462193e-07, 3.35276127e-07, -1.37090683e-06, 0.499999672, 0.866025567, -1.49011612e-08, -0.852868736, 0.492403567, -0.173648223, -0.1503838, 0.0868240669, 0.98480773))
task.wait(0.30000001192093)
tween(welds["Torso"],0.30000001192093,Enum.PoseEasingStyle.Linear,Enum.PoseEasingDirection.Out,default["Torso"]*CFrame.new(0, 1.63912773e-07, 0.399999917, 1, 0, 0, 0, 0.98480773, 0.173648298, 0, -0.173648298, 0.98480773))
tween(welds["Left Leg"],0.30000001192093,Enum.PoseEasingStyle.Linear,Enum.PoseEasingDirection.Out,default["Left Leg"]*CFrame.new(-5.96046448e-08, 2.98023224e-07, 0, 0.939692616, -0.342020154, 2.63612421e-09, 0.342020154, 0.939692616, -1.49501744e-08, 2.63611355e-09, 1.4950178e-08, 1))
tween(welds["Right Leg"],0.30000001192093,Enum.PoseEasingStyle.Linear,Enum.PoseEasingDirection.Out,default["Right Leg"]*CFrame.new(1.01051426, 0.126447201, 2.98023224e-08, 0.766044378, 0.642787635, -1.02265219e-08, -0.642787635, 0.766044378, -2.80971495e-08, -1.02265325e-08, 2.80971459e-08, 1))
tween(welds["Left Arm"],0.30000001192093,Enum.PoseEasingStyle.Linear,Enum.PoseEasingDirection.Out,default["Left Arm"]*CFrame.new(-4.47034836e-07, 1.41561031e-06, -5.96046448e-08, -2.98023224e-08, -1, 4.37113954e-08, 1, -2.98023224e-08, -4.37113847e-08, 4.37113883e-08, 4.37113954e-08, 1))
tween(welds["Right Arm"],0.30000001192093,Enum.PoseEasingStyle.Linear,Enum.PoseEasingDirection.Out,default["Right Arm"]*CFrame.new(1.1920929e-07, -9.68575478e-07, 0, -1.49011626e-07, 1, -4.37114132e-08, -1, -1.49011626e-07, -4.37113812e-08, -4.37113883e-08, 4.37114061e-08, 1))
tween(welds["Head"],0.30000001192093,Enum.PoseEasingStyle.Linear,Enum.PoseEasingDirection.Out,default["Head"]*CFrame.new(-6.75901148e-08, 2.36278879e-07, 0, 0.499999881, 0.866025507, -1.49011612e-08, -0.866025507, 0.499999881, -2.16191012e-07, -1.79776336e-07, 1.21000255e-07, 1))
task.wait(0.30000001192093)
tween(welds["Torso"],0.30000001192093,Enum.PoseEasingStyle.Linear,Enum.PoseEasingDirection.Out,default["Torso"]*CFrame.new(0, 2.3479646e-07, -4.14009804e-08, 1, 0, 0, 0, 0.98480773, 0.173648298, 0, -0.173648298, 0.98480773))
tween(welds["Left Leg"],0.30000001192093,Enum.PoseEasingStyle.Linear,Enum.PoseEasingDirection.Out,default["Left Leg"]*CFrame.new(-2.98023224e-08, 2.98023224e-07, 0, 0.939692616, -0.342020154, 2.63612421e-09, 0.342020154, 0.939692616, -1.49501744e-08, 2.63611355e-09, 1.4950178e-08, 1))
tween(welds["Right Leg"],0.30000001192093,Enum.PoseEasingStyle.Linear,Enum.PoseEasingDirection.Out,default["Right Leg"]*CFrame.new(-0.00902438164, 0.103133678, 0, 0.50000006, -0.866025388, -2.18557137e-08, 0.866025388, 0.50000006, 3.78551945e-08, -2.18556995e-08, -3.78552016e-08, 1))
tween(welds["Left Arm"],0.30000001192093,Enum.PoseEasingStyle.Linear,Enum.PoseEasingDirection.Out,default["Left Arm"]*CFrame.new(1.49011612e-07, 1.78813934e-07, 0, 0.866025209, 0.500000417, 5.85622573e-09, -0.500000417, 0.866025209, 2.18557084e-08, 5.85622217e-09, -2.18557084e-08, 1))
tween(welds["Right Arm"],0.30000001192093,Enum.PoseEasingStyle.Linear,Enum.PoseEasingDirection.Out,default["Right Arm"]*CFrame.new(1.49011612e-07, -1.04308128e-06, 0, 0.866025329, -0.500000119, -5.85623283e-09, 0.500000119, 0.866025329, 2.18556959e-08, -5.85620796e-09, -2.18557066e-08, 1))
tween(welds["Head"],0.30000001192093,Enum.PoseEasingStyle.Linear,Enum.PoseEasingDirection.Out,default["Head"]*CFrame.new(1.56462193e-07, 3.35276127e-07, -1.37090683e-06, 0.499999672, 0.866025567, -1.49011612e-08, -0.852868736, 0.492403567, -0.173648223, -0.1503838, 0.0868240669, 0.98480773))
task.wait(0.30000001192093)
tween(welds["Torso"],0.30000001192093,Enum.PoseEasingStyle.Linear,Enum.PoseEasingDirection.Out,default["Torso"]*CFrame.new(0, 2.3479646e-07, -4.14009804e-08, 1, 0, 0, 0, 0.98480773, 0.173648298, 0, -0.173648298, 0.98480773))
tween(welds["Left Leg"],0.30000001192093,Enum.PoseEasingStyle.Linear,Enum.PoseEasingDirection.Out,default["Left Leg"]*CFrame.new(-2.98023224e-08, 2.98023224e-07, 0, 0.939692616, -0.342020154, 2.63612421e-09, 0.342020154, 0.939692616, -1.49501744e-08, 2.63611355e-09, 1.4950178e-08, 1))
tween(welds["Right Leg"],0.30000001192093,Enum.PoseEasingStyle.Linear,Enum.PoseEasingDirection.Out,default["Right Leg"]*CFrame.new(-0.00902462006, 0.103133976, 1.1920929e-07, 0.342020452, -0.939692497, -2.87612281e-08, 0.939692497, 0.342020452, 4.10752818e-08, -2.87612067e-08, -4.10752961e-08, 1))
tween(welds["Left Arm"],0.30000001192093,Enum.PoseEasingStyle.Linear,Enum.PoseEasingDirection.Out,default["Left Arm"]*CFrame.new(1.1920929e-07, 5.36441803e-07, 0, 0.766044378, 0.642787695, 1.02265254e-08, -0.642787695, 0.766044378, 2.80971353e-08, 1.02265219e-08, -2.80971371e-08, 1))
tween(welds["Right Arm"],0.30000001192093,Enum.PoseEasingStyle.Linear,Enum.PoseEasingDirection.Out,default["Right Arm"]*CFrame.new(1.1920929e-07, -1.4603138e-06, 0, 0.766044497, -0.642787516, -1.02265325e-08, 0.642787516, 0.766044497, 2.80971317e-08, -1.02265041e-08, -2.80971424e-08, 1))
tween(welds["Head"],0.30000001192093,Enum.PoseEasingStyle.Linear,Enum.PoseEasingDirection.Out,default["Head"]*CFrame.new(1.56462193e-07, 3.35276127e-07, -1.37090683e-06, 0.499999672, 0.866025567, -1.49011612e-08, -0.852868736, 0.492403567, -0.173648223, -0.1503838, 0.0868240669, 0.98480773))
task.wait(0.30000001192093)
tween(welds["Torso"],0.30000001192093,Enum.PoseEasingStyle.Linear,Enum.PoseEasingDirection.Out,default["Torso"]*CFrame.new(0, 1.63912773e-07, 0.399999917, 1, 0, 0, 0, 0.98480773, 0.173648298, 0, -0.173648298, 0.98480773))
tween(welds["Left Leg"],0.30000001192093,Enum.PoseEasingStyle.Linear,Enum.PoseEasingDirection.Out,default["Left Leg"]*CFrame.new(-5.96046448e-08, 2.98023224e-07, 0, 0.939692616, -0.342020154, 2.63612421e-09, 0.342020154, 0.939692616, -1.49501744e-08, 2.63611355e-09, 1.4950178e-08, 1))
tween(welds["Right Leg"],0.30000001192093,Enum.PoseEasingStyle.Linear,Enum.PoseEasingDirection.Out,default["Right Leg"]*CFrame.new(1.01051426, 0.126447201, 2.98023224e-08, 0.766044378, 0.642787635, -1.02265219e-08, -0.642787635, 0.766044378, -2.80971495e-08, -1.02265325e-08, 2.80971459e-08, 1))
tween(welds["Left Arm"],0.30000001192093,Enum.PoseEasingStyle.Linear,Enum.PoseEasingDirection.Out,default["Left Arm"]*CFrame.new(-4.47034836e-07, 1.41561031e-06, -5.96046448e-08, -2.98023224e-08, -1, 4.37113954e-08, 1, -2.98023224e-08, -4.37113847e-08, 4.37113883e-08, 4.37113954e-08, 1))
tween(welds["Right Arm"],0.30000001192093,Enum.PoseEasingStyle.Linear,Enum.PoseEasingDirection.Out,default["Right Arm"]*CFrame.new(1.1920929e-07, -9.68575478e-07, 0, -1.49011626e-07, 1, -4.37114132e-08, -1, -1.49011626e-07, -4.37113812e-08, -4.37113883e-08, 4.37114061e-08, 1))
tween(welds["Head"],0.30000001192093,Enum.PoseEasingStyle.Linear,Enum.PoseEasingDirection.Out,default["Head"]*CFrame.new(-6.75901148e-08, 2.36278879e-07, 0, 0.499999881, 0.866025507, -1.49011612e-08, -0.866025507, 0.499999881, -2.16191012e-07, -1.79776336e-07, 1.21000255e-07, 1))
task.wait(0.30000001192093)
tween(welds["Torso"],0.30000001192093,Enum.PoseEasingStyle.Linear,Enum.PoseEasingDirection.Out,default["Torso"]*CFrame.new(0, 2.3479646e-07, -4.14009804e-08, 1, 0, 0, 0, 0.98480773, 0.173648298, 0, -0.173648298, 0.98480773))
tween(welds["Left Leg"],0.30000001192093,Enum.PoseEasingStyle.Linear,Enum.PoseEasingDirection.Out,default["Left Leg"]*CFrame.new(-2.98023224e-08, 2.98023224e-07, 0, 0.939692616, -0.342020154, 2.63612421e-09, 0.342020154, 0.939692616, -1.49501744e-08, 2.63611355e-09, 1.4950178e-08, 1))
tween(welds["Right Leg"],0.30000001192093,Enum.PoseEasingStyle.Linear,Enum.PoseEasingDirection.Out,default["Right Leg"]*CFrame.new(-0.00902438164, 0.103133678, 0, 0.50000006, -0.866025388, -2.18557137e-08, 0.866025388, 0.50000006, 3.78551945e-08, -2.18556995e-08, -3.78552016e-08, 1))
tween(welds["Left Arm"],0.30000001192093,Enum.PoseEasingStyle.Linear,Enum.PoseEasingDirection.Out,default["Left Arm"]*CFrame.new(1.49011612e-07, 1.78813934e-07, 0, 0.866025209, 0.500000417, 5.85622573e-09, -0.500000417, 0.866025209, 2.18557084e-08, 5.85622217e-09, -2.18557084e-08, 1))
tween(welds["Right Arm"],0.30000001192093,Enum.PoseEasingStyle.Linear,Enum.PoseEasingDirection.Out,default["Right Arm"]*CFrame.new(1.49011612e-07, -1.04308128e-06, 0, 0.866025329, -0.500000119, -5.85623283e-09, 0.500000119, 0.866025329, 2.18556959e-08, -5.85620796e-09, -2.18557066e-08, 1))
tween(welds["Head"],0.30000001192093,Enum.PoseEasingStyle.Linear,Enum.PoseEasingDirection.Out,default["Head"]*CFrame.new(1.56462193e-07, 3.35276127e-07, -1.37090683e-06, 0.499999672, 0.866025567, -1.49011612e-08, -0.852868736, 0.492403567, -0.173648223, -0.1503838, 0.0868240669, 0.98480773))
task.wait(0.30000001192093)
tween(welds["Torso"],0.30000001192093,Enum.PoseEasingStyle.Linear,Enum.PoseEasingDirection.Out,default["Torso"]*CFrame.new(0, 2.3479646e-07, -4.14009804e-08, 1, 0, 0, 0, 0.98480773, 0.173648298, 0, -0.173648298, 0.98480773))
tween(welds["Left Leg"],0.30000001192093,Enum.PoseEasingStyle.Linear,Enum.PoseEasingDirection.Out,default["Left Leg"]*CFrame.new(-2.98023224e-08, 2.98023224e-07, 0, 0.939692616, -0.342020154, 2.63612421e-09, 0.342020154, 0.939692616, -1.49501744e-08, 2.63611355e-09, 1.4950178e-08, 1))
tween(welds["Right Leg"],0.30000001192093,Enum.PoseEasingStyle.Linear,Enum.PoseEasingDirection.Out,default["Right Leg"]*CFrame.new(-0.00902462006, 0.103133976, 1.1920929e-07, 0.342020452, -0.939692497, -2.87612281e-08, 0.939692497, 0.342020452, 4.10752818e-08, -2.87612067e-08, -4.10752961e-08, 1))
tween(welds["Left Arm"],0.30000001192093,Enum.PoseEasingStyle.Linear,Enum.PoseEasingDirection.Out,default["Left Arm"]*CFrame.new(1.1920929e-07, 5.36441803e-07, 0, 0.766044378, 0.642787695, 1.02265254e-08, -0.642787695, 0.766044378, 2.80971353e-08, 1.02265219e-08, -2.80971371e-08, 1))
tween(welds["Right Arm"],0.30000001192093,Enum.PoseEasingStyle.Linear,Enum.PoseEasingDirection.Out,default["Right Arm"]*CFrame.new(1.1920929e-07, -1.4603138e-06, 0, 0.766044497, -0.642787516, -1.02265325e-08, 0.642787516, 0.766044497, 2.80971317e-08, -1.02265041e-08, -2.80971424e-08, 1))
tween(welds["Head"],0.30000001192093,Enum.PoseEasingStyle.Linear,Enum.PoseEasingDirection.Out,default["Head"]*CFrame.new(1.56462193e-07, 3.35276127e-07, -1.37090683e-06, 0.499999672, 0.866025567, -1.49011612e-08, -0.852868736, 0.492403567, -0.173648223, -0.1503838, 0.0868240669, 0.98480773))
task.wait(0.30000001192093)
tween(welds["Torso"],0.30000001192093,Enum.PoseEasingStyle.Linear,Enum.PoseEasingDirection.Out,default["Torso"]*CFrame.new(0, 0, 0, 1, 0, 0, 0, 1, 0, 0, 0, 1))
tween(welds["Right Arm"],0.30000001192093,Enum.PoseEasingStyle.Linear,Enum.PoseEasingDirection.Out,default["Right Arm"]*CFrame.new(2.38418579e-07, -7.15255737e-07, 0, 0.0721232295, -0.997395754, -4.05588061e-08, 0.997395754, 0.0721232295, 4.35975487e-08, -4.05587777e-08, -4.35975771e-08, 1))
task.wait(0.30000001192093)
tween(welds["Torso"],0.30000001192093,Enum.PoseEasingStyle.Linear,Enum.PoseEasingDirection.Out,default["Torso"]*CFrame.new(0, 2.08616257e-07, 0.399200022, 1, 0, 0, 0, 0.98480773, 0.173648298, 0, -0.173648298, 0.98480773))
tween(welds["Left Leg"],0.30000001192093,Enum.PoseEasingStyle.Linear,Enum.PoseEasingDirection.Out,default["Left Leg"]*CFrame.new(-1.1920929e-07, 2.98023224e-07, 0, 0.939692616, -0.342020094, 2.63612421e-09, 0.342020094, 0.939692616, -1.49501744e-08, 2.63611355e-09, 1.49501762e-08, 1))
tween(welds["Right Leg"],0.30000001192093,Enum.PoseEasingStyle.Linear,Enum.PoseEasingDirection.Out,default["Right Leg"]*CFrame.new(1.01051426, 0.126447201, 2.98023224e-08, 0.766044378, 0.642787635, -1.02265219e-08, -0.642787635, 0.766044378, -2.80971495e-08, -1.02265325e-08, 2.80971459e-08, 1))
tween(welds["Left Arm"],0.30000001192093,Enum.PoseEasingStyle.Linear,Enum.PoseEasingDirection.Out,default["Left Arm"]*CFrame.new(1.93715096e-07, 2.08616257e-07, 0, 0.939692497, 0.342020512, 2.63612776e-09, -0.342020512, 0.939692497, 1.49501869e-08, 2.63612066e-09, -1.49501869e-08, 1))
tween(welds["Right Arm"],0.30000001192093,Enum.PoseEasingStyle.Linear,Enum.PoseEasingDirection.Out,default["Right Arm"]*CFrame.new(4.76837158e-07, -1.7285347e-06, -1.1920929e-07, -0.6518327, 0.75836277, -7.22039104e-08, -0.75836277, -0.6518327, -3.31490959e-08, -7.22039175e-08, 3.31490924e-08, 1))
tween(welds["Head"],0.30000001192093,Enum.PoseEasingStyle.Linear,Enum.PoseEasingDirection.Out,default["Head"]*CFrame.new(-7.55755849e-08, 3.69319366e-07, 4.76837158e-07, 0.499999821, 0.866025507, -7.45058149e-09, -0.866025507, 0.499999821, -2.38542725e-07, -2.028588e-07, 1.25723716e-07, 1))
