wait(0)
tween(welds["Torso"],1.733,Enum.PoseEasingStyle.Cubic,Enum.PoseEasingDirection.InOut,default["Torso"]*CFrame.new(0, 0, 0, 1, 0, 0, 0, 0.923879385, -0.382683814, 0, 0.382683814, 0.923879385))
tween(welds["Left Leg"],1.733,Enum.PoseEasingStyle.Cubic,Enum.PoseEasingDirection.InOut,default["Left Leg"]*CFrame.new(-1.90734863e-06, -1.90734863e-06, 0, 0.963536978, 0.255503029, 0.0794659704, -0.262906522, 0.959247053, 0.103560746, -0.0497674346, -0.120676726, 0.991443574))
tween(welds["Right Leg"],1.733,Enum.PoseEasingStyle.Cubic,Enum.PoseEasingDirection.InOut,default["Right Leg"]*CFrame.new(4.76837158e-07, -2.38418579e-06, 0, 0.998749137, 0.00218051672, -0.0499549359, 0.00386491418, 0.992693186, 0.120601542, 0.0498529077, -0.12064375, 0.991443276))
tween(welds["Head"],1.733,Enum.PoseEasingStyle.Cubic,Enum.PoseEasingDirection.InOut,default["Head"]*CFrame.new(0, 3.33786011e-06, 5.7220459e-06, 1, 0, 0, 0, 0.965925694, -0.25881955, 0, 0.25881955, 0.965925694))
tween(welds["Left Arm"],1.733,Enum.PoseEasingStyle.Cubic,Enum.PoseEasingDirection.InOut,default["Left Arm"]*CFrame.new(-8.10623169e-06, 0, 0, 0.923329175, 0.354987472, 0.146448761, -0.384009093, 0.85295701, 0.353554934, 0.000593066157, -0.382685184, 0.92387861))
wait(1.7333333492279)
tween(welds["Torso"],1.733,Enum.PoseEasingStyle.Cubic,Enum.PoseEasingDirection.InOut,default["Torso"]*CFrame.new(0, 0, 1.50000048, 1, 0, 0, 0, 0.923879385, -0.382683814, 0, 0.382683814, 0.923879385))
tween(welds["Left Leg"],1.733,Enum.PoseEasingStyle.Linear,Enum.PoseEasingDirection.In,default["Left Leg"]*CFrame.new(-1.43051147e-06, -1.43051147e-06, 0, 0.789577186, 0.603147745, 0.113051057, -0.611629605, 0.788447082, 0.065268144, -0.0497684591, -0.120679609, 0.991443157))
tween(welds["Right Leg"],1.733,Enum.PoseEasingStyle.Linear,Enum.PoseEasingDirection.In,default["Right Leg"]*CFrame.new(-5.7220459e-06, 9.05990601e-06, 0, 0.92124337, -0.377874881, -0.0923103988, 0.385778457, 0.917961538, 0.0923094824, 0.0498559885, -0.120650858, 0.991442263))
tween(welds["Left Arm"],1.733,Enum.PoseEasingStyle.Linear,Enum.PoseEasingDirection.In,default["Left Arm"]*CFrame.new(-1.62124634e-05, 4.76837158e-06, 0, 0.923288465, 0.380845398, 0.049952738, -0.384107292, 0.915378928, 0.120592818, 0.00020153448, -0.13052915, 0.991444468))
wait(1.7333333492279)
tween(welds["Torso"],1.733,Enum.PoseEasingStyle.Cubic,Enum.PoseEasingDirection.InOut,default["Torso"]*CFrame.new(0, 0, 0, 1, 0, 0, 0, 0.923879385, -0.382683814, 0, 0.382683814, 0.923879385))
tween(welds["Left Leg"],1.733,Enum.PoseEasingStyle.Cubic,Enum.PoseEasingDirection.InOut,default["Left Leg"]*CFrame.new(-1.90734863e-06, -1.90734863e-06, 0, 0.963536978, 0.255503029, 0.0794659704, -0.262906522, 0.959247053, 0.103560746, -0.0497674346, -0.120676726, 0.991443574))
tween(welds["Right Leg"],1.733,Enum.PoseEasingStyle.Cubic,Enum.PoseEasingDirection.InOut,default["Right Leg"]*CFrame.new(4.76837158e-07, -2.38418579e-06, 0, 0.998749137, 0.00218051672, -0.0499549359, 0.00386491418, 0.992693186, 0.120601542, 0.0498529077, -0.12064375, 0.991443276))
tween(welds["Head"],1.733,Enum.PoseEasingStyle.Cubic,Enum.PoseEasingDirection.InOut,default["Head"]*CFrame.new(0, 3.33786011e-06, 5.7220459e-06, 1, 0, 0, 0, 0.965925694, -0.25881955, 0, 0.25881955, 0.965925694))
tween(welds["Left Arm"],1.733,Enum.PoseEasingStyle.Cubic,Enum.PoseEasingDirection.InOut,default["Left Arm"]*CFrame.new(-8.10623169e-06, 0, 0, 0.923329353, 0.354987115, 0.146448418, -0.384008616, 0.852957189, 0.353554696, 0.000593177916, -0.382684857, 0.92387867))
wait(1.7333333492279)
