tween(welds["Torso"],1.733,Enum.PoseEasingStyle.Cubic,Enum.PoseEasingDirection.InOut,default["Torso"]*CFrame.new(0, 0, 0, 1, 0, 0, 0, 0.923879385, -0.382683814, 0, 0.382683814, 0.923879385))
tween(welds["Left Leg"],1.733,Enum.PoseEasingStyle.Cubic,Enum.PoseEasingDirection.InOut,default["Left Leg"]*CFrame.new(-1.90734863e-06, -1.90734863e-06, 0, 0.998750329, -0.00147253275, 0.0499576665, -0.00456905365, 0.992689848, 0.120605215, -0.0497700758, -0.120682746, 0.99144268))
tween(welds["Right Leg"],1.733,Enum.PoseEasingStyle.Cubic,Enum.PoseEasingDirection.InOut,default["Right Leg"]*CFrame.new(4.76837158e-07, -2.38418579e-06, 0, 0.96571666, 0.259038627, -0.0170397665, -0.254766017, 0.958301544, 0.129429579, 0.0498565137, -0.120651171, 0.991442204))
tween(welds["Left Arm"],1.733,Enum.PoseEasingStyle.Cubic,Enum.PoseEasingDirection.InOut,default["Left Arm"]*CFrame.new(-8.10623169e-06, 0, 0, 0.923329175, 0.354987472, 0.146448761, -0.384009093, 0.85295701, 0.353554934, 0.000593066157, -0.382685184, 0.92387861))
tween(welds["Head"],1.733,Enum.PoseEasingStyle.Cubic,Enum.PoseEasingDirection.InOut,default["Head"]*CFrame.new(0, 3.33786011e-06, 5.7220459e-06, 1, 0, 0, 0, 0.965926051, 0.258818239, 0, -0.258818239, 0.965926051))
wait(1.7333333492279)
tween(welds["Torso"],1.733,Enum.PoseEasingStyle.Cubic,Enum.PoseEasingDirection.InOut,default["Torso"]*CFrame.new(0, 0, 1.50000048, 1, 0, 0, 0, 0.923879385, -0.382683814, 0, 0.382683814, 0.923879385))
tween(welds["Left Leg"],1.733,Enum.PoseEasingStyle.Linear,Enum.PoseEasingDirection.In,default["Left Leg"]*CFrame.new(-1.43051147e-06, -1.43051147e-06, 0, 0.920974016, 0.378531814, 0.09230683, -0.386432379, 0.917687058, 0.0923041552, -0.0497687459, -0.120680071, 0.991443098))
tween(welds["Right Leg"],1.733,Enum.PoseEasingStyle.Linear,Enum.PoseEasingDirection.In,default["Right Leg"]*CFrame.new(-1.14440918e-05, 2.14576721e-05, 0, 0.989698887, -0.12741746, -0.065275453, 0.134202704, 0.984483063, 0.113058195, 0.0498570018, -0.120653726, 0.991441846))
tween(welds["Left Arm"],1.733,Enum.PoseEasingStyle.Linear,Enum.PoseEasingDirection.In,default["Left Arm"]*CFrame.new(-1.62124634e-05, 4.76837158e-06, 0, 0.923288465, 0.380845398, 0.049952738, -0.384107292, 0.915378928, 0.120592818, 0.00020153448, -0.13052915, 0.991444468))
tween(welds["Head"],1.733,Enum.PoseEasingStyle.Linear,Enum.PoseEasingDirection.In,default["Head"]*CFrame.new(0, 2.38418579e-06, 1.90734863e-06, 1, 0, 0, 0, 0.921963334, 0.387277186, 0, -0.387277186, 0.921963334))
wait(1.733)
tween(welds["Torso"],1.733,Enum.PoseEasingStyle.Cubic,Enum.PoseEasingDirection.InOut,default["Torso"]*CFrame.new(0, 0, 0, 1, 0, 0, 0, 0.923879385, -0.382683814, 0, 0.382683814, 0.923879385))
tween(welds["Left Leg"],1.733,Enum.PoseEasingStyle.Cubic,Enum.PoseEasingDirection.InOut,default["Left Leg"]*CFrame.new(-1.90734863e-06, -1.90734863e-06, 0, 0.99875021, -0.00147154927, 0.0499585979, -0.00457027555, 0.99268949, 0.120607756, -0.049770873, -0.120685339, 0.991442323))
tween(welds["Right Leg"],1.733,Enum.PoseEasingStyle.Cubic,Enum.PoseEasingDirection.InOut,default["Right Leg"]*CFrame.new(4.76837158e-07, -1.90734863e-06, 0, 0.965716362, 0.259039611, -0.0170394685, -0.254767179, 0.958301365, 0.129428223, 0.0498560108, -0.120649867, 0.991442382))
tween(welds["Left Arm"],1.733,Enum.PoseEasingStyle.Cubic,Enum.PoseEasingDirection.InOut,default["Left Arm"]*CFrame.new(-8.10623169e-06, 0, 0, 0.923329353, 0.354987115, 0.146448418, -0.384008616, 0.852957189, 0.353554696, 0.000593177916, -0.382684857, 0.92387867))
tween(welds["Head"],1.733,Enum.PoseEasingStyle.Cubic,Enum.PoseEasingDirection.InOut,default["Head"]*CFrame.new(0, 3.33786011e-06, 5.7220459e-06, 1, 0, 0, 0, 0.9238801, 0.382682085, 0, -0.382682085, 0.9238801))
wait(1.733)
