wait(0)
tween(welds["Torso"],0,Enum.PoseEasingStyle.Linear,Enum.PoseEasingDirection.In,default["Torso"]*CFrame.new(0, 0, -0.239999771, 0.966091454, -0.247473806, -0.0736483186, 0.248147696, 0.968722224, 1.76951289e-08, 0.071344763, -0.0182756782, 0.997284293))
tween(welds["Left Leg"],0,Enum.PoseEasingStyle.Linear,Enum.PoseEasingDirection.In,default["Left Leg"]*CFrame.new(-1.06093788, 0.187204599, -0.210181236, 0.982764125, 0.0680995136, -0.171864092, -0.00340955378, 0.936195731, 0.351462007, 0.184832811, -0.344818205, 0.92029196))
tween(welds["Right Leg"],0,Enum.PoseEasingStyle.Linear,Enum.PoseEasingDirection.In,default["Right Leg"]*CFrame.new(0.523161888, 0.225588083, 0.296609879, 0.966857255, 0.0446563549, -0.251382262, 0.0086462386, 0.978293657, 0.207042143, 0.255171418, -0.202353701, 0.94548434))
tween(welds["Head"],0,Enum.PoseEasingStyle.Linear,Enum.PoseEasingDirection.In,default["Head"]*CFrame.new(5.7220459e-06, -4.76837158e-06, -1.43051147e-06, 0.99724555, -0.0117523521, -0.0732341036, 0.02319175, 0.987266779, 0.157373995, 0.0704521015, -0.158638939, 0.984819949))
tween(welds["Left Arm"],0,Enum.PoseEasingStyle.Linear,Enum.PoseEasingDirection.In,default["Left Arm"]*CFrame.new(-0.900927544, 0, -0.230743408, -0.562057793, -0.225081563, -0.795882702, -0.74267596, 0.56087023, 0.365864456, 0.364037693, 0.796719968, -0.482404202))
tween(welds["Right Arm"],0,Enum.PoseEasingStyle.Linear,Enum.PoseEasingDirection.In,default["Right Arm"]*CFrame.new(0.454439163, 0.0147228241, 0.322192192, -0.135639161, 0.0312469602, -0.990265489, 0.853717983, 0.510883272, -0.10081549, 0.502760112, -0.859081924, -0.0959718525))
wait(0.033333335071802)
tween(welds["Torso"],0,Enum.PoseEasingStyle.Linear,Enum.PoseEasingDirection.In,default["Torso"]*CFrame.new(0, 0, -0.239999771, 0.966091454, -0.247473806, -0.0736483186, 0.248147696, 0.968722224, 1.76951289e-08, 0.071344763, -0.0182756782, 0.997284293))
tween(welds["Left Leg"],0,Enum.PoseEasingStyle.Linear,Enum.PoseEasingDirection.In,default["Left Leg"]*CFrame.new(-1.06093788, 0.187204599, -0.210181236, 0.982764125, 0.0680995136, -0.171864092, -0.00340955378, 0.936195731, 0.351462007, 0.184832811, -0.344818205, 0.92029196))
tween(welds["Right Leg"],0,Enum.PoseEasingStyle.Linear,Enum.PoseEasingDirection.In,default["Right Leg"]*CFrame.new(0.523161888, 0.225588083, 0.296609879, 0.966857255, 0.0446563549, -0.251382262, 0.0086462386, 0.978293657, 0.207042143, 0.255171418, -0.202353701, 0.94548434))
tween(welds["Head"],0,Enum.PoseEasingStyle.Linear,Enum.PoseEasingDirection.In,default["Head"]*CFrame.new(5.7220459e-06, -4.76837158e-06, -1.43051147e-06, 0.99724555, -0.0117523521, -0.0732341036, 0.02319175, 0.987266779, 0.157373995, 0.0704521015, -0.158638939, 0.984819949))
tween(welds["Left Arm"],0,Enum.PoseEasingStyle.Linear,Enum.PoseEasingDirection.In,default["Left Arm"]*CFrame.new(-0.900927544, 0, -0.230743408, -0.562057793, -0.225081563, -0.795882702, -0.74267596, 0.56087023, 0.365864456, 0.364037693, 0.796719968, -0.482404202))
tween(welds["Right Arm"],0,Enum.PoseEasingStyle.Linear,Enum.PoseEasingDirection.In,default["Right Arm"]*CFrame.new(0.454439163, 0.0147228241, 0.322192192, -0.135639161, 0.0312469602, -0.990265489, 0.853717983, 0.510883272, -0.10081549, 0.502760112, -0.859081924, -0.0959718525))
wait(0.23333333432674)
tween(welds["Torso"],0,Enum.PoseEasingStyle.Linear,Enum.PoseEasingDirection.In,default["Torso"]*CFrame.new(0, 0, 0, 0.999872804, 0.00371255074, -0.0155098252, -0.00342461932, 0.99982208, 0.018549934, 0.0155759323, -0.0184944607, 0.999707639))
tween(welds["Left Leg"],0,Enum.PoseEasingStyle.Linear,Enum.PoseEasingDirection.In,default["Left Leg"]*CFrame.new(-0.795145035, -0.0101213455, -0.0569400787, 0.997971952, -0.0186039433, 0.0608761646, 0.00578770414, 0.978896618, 0.204273209, -0.0633917674, -0.203506589, 0.977019191))
tween(welds["Right Leg"],0,Enum.PoseEasingStyle.Linear,Enum.PoseEasingDirection.In,default["Right Leg"]*CFrame.new(0.916169643, -0.00968813896, 0.0943965912, 0.996814191, -0.0105731711, 0.0790556222, -0.0019725468, 0.987603188, 0.156957343, -0.0797351375, -0.156613246, 0.984436154))
tween(welds["Head"],0,Enum.PoseEasingStyle.Linear,Enum.PoseEasingDirection.In,default["Head"]*CFrame.new(3.81469727e-06, -4.76837158e-06, -5.7220459e-06, 0.999512374, -0.0275227446, 0.0147478543, 0.0248574801, 0.987185419, 0.157629251, -0.0188972577, -0.157185823, 0.987388194))
tween(welds["Left Arm"],0,Enum.PoseEasingStyle.Linear,Enum.PoseEasingDirection.In,default["Left Arm"]*CFrame.new(-0.183444023, 0.161606312, -0.120994568, -0.71212101, 0.697958529, -0.0757457986, -0.687177062, -0.715054333, -0.128392056, -0.143774733, -0.0393798985, 0.988826513))
tween(welds["Right Arm"],0,Enum.PoseEasingStyle.Linear,Enum.PoseEasingDirection.In,default["Right Arm"]*CFrame.new(0.457458019, 0.248720884, -0.0611228943, -0.68755585, -0.71067971, 0.149000749, 0.725804806, -0.678775549, 0.111672126, 0.0217749607, 0.184926301, 0.982510924))
wait(0.46666666865349)
tween(welds["Torso"],0,Enum.PoseEasingStyle.Linear,Enum.PoseEasingDirection.In,default["Torso"]*CFrame.new(0, 0, -0.179999828, 0.969743729, 0.243895143, -0.010596266, -0.243627876, 0.969625294, 0.0217322521, 0.015574798, -0.0184931681, 0.999707699))
tween(welds["Left Leg"],0,Enum.PoseEasingStyle.Linear,Enum.PoseEasingDirection.In,default["Left Leg"]*CFrame.new(-0.570053339, 0.168641329, 0.292969704, 0.949808419, -0.0546553545, 0.308020711, 0.0144352149, 0.991227925, 0.131371796, -0.312498927, -0.12033169, 0.942265749))
tween(welds["Right Leg"],0,Enum.PoseEasingStyle.Linear,Enum.PoseEasingDirection.In,default["Right Leg"]*CFrame.new(1.11532021, 0.192064285, -0.201356888, 0.957761288, -0.107825741, 0.266584039, -0.0112367645, 0.912299156, 0.409369916, -0.287345022, -0.395074129, 0.872553289))
tween(welds["Head"],0,Enum.PoseEasingStyle.Linear,Enum.PoseEasingDirection.In,default["Head"]*CFrame.new(1.33514404e-05, -5.7220459e-06, -3.81469727e-06, 0.970103621, -0.0727793127, 0.231521323, 0.0224606097, 0.97680521, 0.212948501, -0.241649494, -0.201381996, 0.949236989))
tween(welds["Left Arm"],0,Enum.PoseEasingStyle.Linear,Enum.PoseEasingDirection.In,default["Left Arm"]*CFrame.new(-0.436228514, -0.0401420593, 0.332255363, -0.256478459, 0.0718733072, 0.963874042, -0.856965065, 0.444303334, -0.261161357, -0.447023034, -0.892988563, -0.0523613095))
tween(welds["Right Arm"],0,Enum.PoseEasingStyle.Linear,Enum.PoseEasingDirection.In,default["Right Arm"]*CFrame.new(0.83673048, 0.0411567688, -0.092590332, -0.267725259, 0.181455344, 0.946254253, 0.781988859, 0.614658654, 0.103381231, -0.562864542, 0.767638087, -0.306455791))
wait(0.5)
tween(welds["Torso"],0,Enum.PoseEasingStyle.Linear,Enum.PoseEasingDirection.In,default["Torso"]*CFrame.new(0, 0, -0.179999828, 0.969743729, 0.243895143, -0.010596266, -0.243627876, 0.969625294, 0.0217322521, 0.015574798, -0.0184931681, 0.999707699))
tween(welds["Left Leg"],0,Enum.PoseEasingStyle.Linear,Enum.PoseEasingDirection.In,default["Left Leg"]*CFrame.new(-0.570053339, 0.168641329, 0.292969704, 0.949808419, -0.0546553545, 0.308020711, 0.0144352149, 0.991227925, 0.131371796, -0.312498927, -0.12033169, 0.942265749))
tween(welds["Right Leg"],0,Enum.PoseEasingStyle.Linear,Enum.PoseEasingDirection.In,default["Right Leg"]*CFrame.new(1.11532021, 0.192064285, -0.201356888, 0.957761288, -0.107825741, 0.266584039, -0.0112367645, 0.912299156, 0.409369916, -0.287345022, -0.395074129, 0.872553289))
tween(welds["Head"],0,Enum.PoseEasingStyle.Linear,Enum.PoseEasingDirection.In,default["Head"]*CFrame.new(1.33514404e-05, -5.7220459e-06, -3.81469727e-06, 0.970103621, -0.0727793127, 0.231521323, 0.0224606097, 0.97680521, 0.212948501, -0.241649494, -0.201381996, 0.949236989))
tween(welds["Left Arm"],0,Enum.PoseEasingStyle.Linear,Enum.PoseEasingDirection.In,default["Left Arm"]*CFrame.new(-0.436228514, -0.0401420593, 0.332255363, -0.256478459, 0.0718733072, 0.963874042, -0.856965065, 0.444303334, -0.261161357, -0.447023034, -0.892988563, -0.0523613095))
tween(welds["Right Arm"],0,Enum.PoseEasingStyle.Linear,Enum.PoseEasingDirection.In,default["Right Arm"]*CFrame.new(0.83673048, 0.0411567688, -0.092590332, -0.267725259, 0.181455344, 0.946254253, 0.781988859, 0.614658654, 0.103381231, -0.562864542, 0.767638087, -0.306455791))
wait(0.73333334922791)
tween(welds["Torso"],0,Enum.PoseEasingStyle.Linear,Enum.PoseEasingDirection.In,default["Torso"]*CFrame.new(0, 0, 0, 0.999872804, 0.00371255074, -0.0155098252, -0.00342461932, 0.99982208, 0.018549934, 0.0155759323, -0.0184944607, 0.999707639))
tween(welds["Left Leg"],0,Enum.PoseEasingStyle.Linear,Enum.PoseEasingDirection.In,default["Left Leg"]*CFrame.new(-0.795145035, -0.0101213455, -0.0569400787, 0.997971952, -0.0186039433, 0.0608761646, 0.00578770414, 0.978896618, 0.204273209, -0.0633917674, -0.203506589, 0.977019191))
tween(welds["Right Leg"],0,Enum.PoseEasingStyle.Linear,Enum.PoseEasingDirection.In,default["Right Leg"]*CFrame.new(0.916169643, -0.00968813896, 0.0943965912, 0.996814191, -0.0105731711, 0.0790556222, -0.0019725468, 0.987603188, 0.156957343, -0.0797351375, -0.156613246, 0.984436154))
tween(welds["Head"],0,Enum.PoseEasingStyle.Linear,Enum.PoseEasingDirection.In,default["Head"]*CFrame.new(3.81469727e-06, -4.76837158e-06, -5.7220459e-06, 0.999512374, -0.0275227446, 0.0147478543, 0.0248574801, 0.987185419, 0.157629251, -0.0188972577, -0.157185823, 0.987388194))
tween(welds["Left Arm"],0,Enum.PoseEasingStyle.Linear,Enum.PoseEasingDirection.In,default["Left Arm"]*CFrame.new(-0.183444023, 0.161606312, -0.120994568, -0.71212101, 0.697958529, -0.0757457986, -0.687177062, -0.715054333, -0.128392056, -0.143774733, -0.0393798985, 0.988826513))
tween(welds["Right Arm"],0,Enum.PoseEasingStyle.Linear,Enum.PoseEasingDirection.In,default["Right Arm"]*CFrame.new(0.457458019, 0.248720884, -0.0611228943, -0.68755585, -0.71067971, 0.149000749, 0.725804806, -0.678775549, 0.111672126, 0.0217749607, 0.184926301, 0.982510924))
wait(0.96666663885117)
tween(welds["Torso"],0,Enum.PoseEasingStyle.Linear,Enum.PoseEasingDirection.In,default["Torso"]*CFrame.new(0, 0, -0.239999771, 0.966091454, -0.247473806, -0.0736483186, 0.248147696, 0.968722224, 1.76951289e-08, 0.071344763, -0.0182756782, 0.997284293))
tween(welds["Left Leg"],0,Enum.PoseEasingStyle.Linear,Enum.PoseEasingDirection.In,default["Left Leg"]*CFrame.new(-1.06093788, 0.187204599, -0.210181236, 0.982764125, 0.0680995136, -0.171864092, -0.00340955378, 0.936195731, 0.351462007, 0.184832811, -0.344818205, 0.92029196))
tween(welds["Right Leg"],0,Enum.PoseEasingStyle.Linear,Enum.PoseEasingDirection.In,default["Right Leg"]*CFrame.new(0.523161888, 0.225588083, 0.296609879, 0.966857255, 0.0446563549, -0.251382262, 0.0086462386, 0.978293657, 0.207042143, 0.255171418, -0.202353701, 0.94548434))
tween(welds["Head"],0,Enum.PoseEasingStyle.Linear,Enum.PoseEasingDirection.In,default["Head"]*CFrame.new(5.7220459e-06, -4.76837158e-06, -1.43051147e-06, 0.99724555, -0.0117523521, -0.0732341036, 0.02319175, 0.987266779, 0.157373995, 0.0704521015, -0.158638939, 0.984819949))
tween(welds["Left Arm"],0,Enum.PoseEasingStyle.Linear,Enum.PoseEasingDirection.In,default["Left Arm"]*CFrame.new(-0.900927544, 0, -0.230743408, -0.562057793, -0.225081563, -0.795882702, -0.74267596, 0.56087023, 0.365864456, 0.364037693, 0.796719968, -0.482404202))
tween(welds["Right Arm"],0,Enum.PoseEasingStyle.Linear,Enum.PoseEasingDirection.In,default["Right Arm"]*CFrame.new(0.454439163, 0.0147228241, 0.322192192, -0.135639161, 0.0312469602, -0.990265489, 0.853717983, 0.510883272, -0.10081549, 0.502760112, -0.859081924, -0.0959718525))
wait(1)
tween(welds["Torso"],0,Enum.PoseEasingStyle.Linear,Enum.PoseEasingDirection.In,default["Torso"]*CFrame.new(0, 0, -0.239999771, 0.966091454, -0.247473806, -0.0736483186, 0.248147696, 0.968722224, 1.76951289e-08, 0.071344763, -0.0182756782, 0.997284293))
tween(welds["Left Leg"],0,Enum.PoseEasingStyle.Linear,Enum.PoseEasingDirection.In,default["Left Leg"]*CFrame.new(-1.06093788, 0.187204599, -0.210181236, 0.982764125, 0.0680995136, -0.171864092, -0.00340955378, 0.936195731, 0.351462007, 0.184832811, -0.344818205, 0.92029196))
tween(welds["Right Leg"],0,Enum.PoseEasingStyle.Linear,Enum.PoseEasingDirection.In,default["Right Leg"]*CFrame.new(0.523161888, 0.225588083, 0.296609879, 0.966857255, 0.0446563549, -0.251382262, 0.0086462386, 0.978293657, 0.207042143, 0.255171418, -0.202353701, 0.94548434))
tween(welds["Head"],0,Enum.PoseEasingStyle.Linear,Enum.PoseEasingDirection.In,default["Head"]*CFrame.new(5.7220459e-06, -4.76837158e-06, -1.43051147e-06, 0.99724555, -0.0117523521, -0.0732341036, 0.02319175, 0.987266779, 0.157373995, 0.0704521015, -0.158638939, 0.984819949))
tween(welds["Left Arm"],0,Enum.PoseEasingStyle.Linear,Enum.PoseEasingDirection.In,default["Left Arm"]*CFrame.new(-0.900927544, 0, -0.230743408, -0.562057793, -0.225081563, -0.795882702, -0.74267596, 0.56087023, 0.365864456, 0.364037693, 0.796719968, -0.482404202))
tween(welds["Right Arm"],0,Enum.PoseEasingStyle.Linear,Enum.PoseEasingDirection.In,default["Right Arm"]*CFrame.new(0.454439163, 0.0147228241, 0.322192192, -0.135639161, 0.0312469602, -0.990265489, 0.853717983, 0.510883272, -0.10081549, 0.502760112, -0.859081924, -0.0959718525))
