wait(0)
tween(welds["Torso"],0.033333335071802,Enum.PoseEasingStyle.Linear,Enum.PoseEasingDirection.In,default["Torso"]*CFrame.new(0, 0, 0, 1, 0, 0, 0, 1, 0, 0, 0, 1))
tween(welds["Right Arm"],0.033333335071802,Enum.PoseEasingStyle.Linear,Enum.PoseEasingDirection.In,default["Right Arm"]*CFrame.new(0, 0, 0, 0.130521163, -0.991445422, -3.80061564e-08, 0.991445422, 0.130521104, 4.33374652e-08, -3.80061351e-08, -4.33374865e-08, 1))
tween(welds["Left Arm"],0.033333335071802,Enum.PoseEasingStyle.Linear,Enum.PoseEasingDirection.In,default["Left Arm"]*CFrame.new(-0.875, 4.76837158e-07, -1.25, 0.113037437, 0.858615577, -0.500001669, -0.991444886, 0.130524844, 6.25848656e-07, 0.0652632117, 0.495724022, 0.866024494))
wait(0.033333335071802)
tween(welds["Torso"],0.033333335071802,Enum.PoseEasingStyle.Linear,Enum.PoseEasingDirection.In,default["Torso"]*CFrame.new(0, 0, 0, 0.707105935, 0.707107663, 0, -0.707107663, 0.707105935, 0, 0, 0, 1))
wait(0.066666670143604)
tween(welds["Torso"],0.033333335071802,Enum.PoseEasingStyle.Linear,Enum.PoseEasingDirection.In,default["Torso"]*CFrame.new(0, 0, 0, -1.95106009e-06, 1, 0, -1, -1.95106009e-06, 0, 0, 0, 0.99999994))
wait(0.10000000149012)
tween(welds["Torso"],0.033333335071802,Enum.PoseEasingStyle.Linear,Enum.PoseEasingDirection.In,default["Torso"]*CFrame.new(0, 0, 0, -0.707108319, 0.707105279, 0, -0.707105279, -0.707108319, 0, 0, 0, 0.99999994))
wait(0.13333334028721)
tween(welds["Torso"],0.033333335071802,Enum.PoseEasingStyle.Linear,Enum.PoseEasingDirection.In,default["Torso"]*CFrame.new(0, 0, 0, -1, 8.74227766e-08, 0, -8.74227766e-08, -1, 0, 0, 0, 1))
wait(0.16666667163372)
tween(welds["Torso"],0.033333335071802,Enum.PoseEasingStyle.Linear,Enum.PoseEasingDirection.In,default["Torso"]*CFrame.new(0, 0, 0, -0.707106113, -0.707107425, 0, 0.707107425, -0.707106113, 0, 0, 0, 1))
wait(0.20000000298023)
tween(welds["Torso"],0.033333335071802,Enum.PoseEasingStyle.Linear,Enum.PoseEasingDirection.In,default["Torso"]*CFrame.new(0, 0, 0, 3.41335794e-06, -1, 0, 1, 3.41335794e-06, 0, 0, 0, 1))
wait(0.23333333432674)
tween(welds["Torso"],0.033333335071802,Enum.PoseEasingStyle.Linear,Enum.PoseEasingDirection.In,default["Torso"]*CFrame.new(0, 0, 0, 0.707110941, -0.707102537, 0, 0.707102537, 0.707110941, 0, 0, 0, 1))
wait(0.26666668057442)
tween(welds["Torso"],0.033333335071802,Enum.PoseEasingStyle.Linear,Enum.PoseEasingDirection.In,default["Torso"]*CFrame.new(0, 0, 0, 1, 0, 0, 0, 1, 0, 0, 0, 1))
